87
4893
42270695
8444964233137175
59970980622457524255346279723177
5528331049976070719353924924612595688832571884012057011565677363
99061669311592077726986432190641465758787792096985364964434223471452887241894652017703840075155278315082280714738039930937643201
4024377735632340657850758116060131611198623508024311357530405590688312773321395903880271287813652365384785254603310177436805789927198125769818034311694747718736509636473609640181857176979193526214259563066576275312834599523481228882874487468860824852114953
80484325832670537723785536694826323806283660510320010690647364535199405403145897901796626694222430084355931200546052881263619484228906500598691807280914396010560829364000127497420859042747285634256178384400498236948369275379175095021705676630527952797254950132718585870068969134873175565428707984863730186286202475720841150460236479973378816167895471661065310519373037995981284350927348443517736044929590276162511179460062504079674237354594959438217996283020338560121735784242917263982562155555800183196498723929
175779700393448345631790782199549342039387544734190316374287165378683617060901177844987214157406491660420077068353680916612301978016428262978777215212675432619301425624252388565258514399337775513136989396675326977434833292910878013379310673872753818026516664071417088092369342927965153396280548343206925224125749536255898332992998242307655824000372113472364927036319542134929371051962845959093990167003091976802616341145973786618093778859749097140065059105036906500369815341089962539538346741969903427087229044309
